y1 = 1.3342594626870182e+01
y2 = 1.4977209133564170e+01
z1 = 4.7159636859269422e-01
z2 = 5.2840551454793527e-01
x1 = 1.1457972052650132e+00
x2 = -2.2314721834469533e+00
x3 = 1.0613179069897511e+00
x4 = -2.6053102414282554e+00
END

Tue.Dec.19.165246.2023@freestyle.local
